MOT1602

Layer0:
Group 0 Has:
0, 1, 2, 3, 4, 5, 6, 7, 8, 9, 10, 11, 12, 13, 14, 15, 16, 17, 18, 19, 20, 21, 22, 23, 24, 25, 26, 27, 28, 29, 30, 31, 32, 33, 34, 35, 36, 37, 38, 39, 40, 41, 42, 43, 44, 45, 46, 47, 48, 49, 50, 51, 52, 53, 54, 55, 56, 57, 58, 59, 60, 61, 62, 63, 64, 65, 66, 67, 68, 69, 70, 71, 72, 73, 
Layer1:
Group 0 Has:
0, 1, 2, 3, 4, 5, 6, 7, 8, 10, 11, 12, 13, 14, 16, 17, 18, 19, 20, 21, 22, 23, 24, 25, 26, 29, 30, 35, 36, 38, 39, 45, 46, 49, 50, 51, 52, 56, 58, 64, 65, 67, 68, 
Group 1 Has:
9, 15, 27, 28, 31, 32, 33, 34, 37, 40, 41, 42, 43, 44, 47, 48, 53, 54, 55, 57, 59, 60, 61, 62, 63, 66, 69, 70, 71, 72, 73, 
Layer2:
Group 0 Has:
0, 1, 2, 3, 4, 5, 6, 7, 8, 10, 11, 12, 13, 14, 16, 17, 18, 19, 20, 21, 22, 23, 24, 25, 26, 29, 30, 35, 36, 38, 39, 45, 46, 49, 50, 51, 52, 56, 58, 64, 65, 67, 68, 
Group 1 Has:
9, 31, 32, 33, 34, 37, 40, 41, 42, 54, 55, 62, 63, 71, 72, 73, 
Group 2 Has:
15, 27, 28, 43, 44, 47, 48, 53, 57, 59, 60, 61, 66, 69, 70, 
Layer3:
Group 0 Has:
0, 1, 2, 3, 4, 5, 6, 7, 8, 10, 11, 12, 13, 14, 16, 17, 18, 19, 20, 21, 22, 23, 24, 25, 26, 29, 30, 35, 36, 38, 39, 45, 46, 49, 50, 51, 52, 56, 58, 64, 65, 67, 68, 
Group 1 Has:
9, 31, 32, 33, 34, 37, 40, 41, 42, 54, 55, 62, 63, 71, 72, 73, 
Group 2 Has:
43, 47, 53, 57, 61, 66, 69, 
Group 3 Has:
15, 27, 28, 44, 48, 59, 60, 70, 