MOT1604

Layer0:
Group 0 Has:
0, 1, 2, 3, 4, 5, 6, 7, 8, 9, 10, 11, 12, 13, 14, 15, 16, 17, 18, 19, 20, 21, 22, 23, 24, 25, 26, 27, 28, 29, 30, 31, 32, 33, 34, 35, 36, 37, 38, 39, 40, 41, 42, 43, 44, 45, 46, 47, 48, 49, 50, 51, 52, 53, 54, 55, 56, 57, 58, 59, 60, 61, 62, 63, 64, 65, 66, 67, 68, 69, 70, 71, 72, 73, 74, 75, 76, 77, 78, 79, 80, 81, 82, 83, 84, 85, 86, 87, 88, 89, 90, 91, 92, 93, 94, 95, 96, 97, 98, 99, 100, 101, 102, 103, 104, 105, 106, 107, 108, 109, 110, 111, 112, 113, 114, 115, 116, 117, 118, 119, 120, 121, 122, 123, 124, 125, 126, 127, 128, 129, 130, 131, 132, 133, 134, 135, 136, 137, 138, 139, 140, 
Layer1:
Group 0 Has:
3, 8, 9, 10, 11, 12, 13, 14, 15, 16, 17, 18, 19, 20, 21, 22, 25, 29, 30, 31, 33, 34, 35, 36, 37, 38, 39, 40, 46, 47, 48, 49, 50, 51, 52, 53, 54, 55, 56, 57, 58, 59, 63, 67, 77, 78, 80, 85, 86, 87, 92, 94, 97, 99, 100, 101, 102, 103, 104, 105, 106, 107, 108, 109, 110, 111, 112, 113, 114, 116, 123, 124, 125, 126, 127, 128, 129, 130, 131, 132, 133, 137, 140, 
Group 1 Has:
0, 1, 2, 4, 5, 6, 7, 23, 24, 26, 27, 28, 32, 41, 42, 43, 44, 45, 60, 61, 62, 64, 65, 66, 68, 69, 70, 71, 72, 73, 74, 75, 76, 79, 81, 82, 83, 84, 88, 89, 90, 91, 93, 95, 96, 98, 115, 117, 118, 119, 120, 121, 122, 134, 135, 136, 138, 139, 
