0.0 0.0 0.0 0.0 0.0 0.0 0.0 0.0 0.0 0.0 0.0 0.0 0.0 0.0 0.0 0.0 0.0 0.0 0.0 
0.0 0.0 0.0 0.0 0.0 0.0 0.0 0.0 0.0 0.0 0.0 0.0 0.0 0.0 0.0 0.0 0.0 0.0 0.0 
0.0 0.0 0.0 0.0 0.0 0.0 0.0 0.0 0.0 0.0 0.0 0.0 0.0 0.0 0.0 0.0 0.0 0.0 0.0 
0.0 0.0 0.0 0.0 0.0 0.0 0.0 0.0 0.0 0.0 0.0 0.0 0.0 0.0 0.0 0.0 0.0 0.0 0.0 
0.0 0.0 0.0 0.0 0.0 0.0 0.0 0.0 0.0 0.0 0.0 0.0 0.0 0.0 0.0 0.0 0.0 0.0 0.0 
0.0 0.0 0.0 0.0 0.0 0.0 0.0 0.0 0.0 0.0 0.0 0.0 0.0 0.0 0.0 0.0 0.0 0.0 0.0 
0.0 0.0 0.0 0.0 0.0 0.0 0.0 0.0 0.0 0.0 0.0 0.0 0.0 0.0 0.0 0.0 0.0 0.0 0.0 
0.0 0.0 0.0 0.0 0.0 0.0 0.0 0.0 0.0 0.0 0.0 0.0 0.0 0.0 0.0 0.0 0.0 0.0 0.0 
0.0 0.0 0.0 0.0 0.0 0.0 0.0 0.0 0.0 0.0 8.597147240256575E-5 9.46667450677018E-5 1.4178192775789772E-5 0.0 -0.4907034829471922 0.0 0.0 0.0 7.473332659636765E-4 
0.0 0.0 0.0 0.0 0.0 0.0 0.0 0.0 0.0 0.0 0.0 0.0 0.0 0.0 0.0 0.0 0.0 0.0 0.0 
0.0 0.0 0.0 0.0 0.0 0.0 0.0 0.0 8.597147240256575E-5 0.0 0.0 3.6778528006597218 0.8829914845759882 0.0 -8.461514250290526E-4 0.0 0.0 0.0 0.4230968690220969 
0.0 0.0 0.0 0.0 0.0 0.0 0.0 0.0 9.46667450677018E-5 0.0 3.6778528006597218 0.0 0.881317883976602 0.0 -9.79183705964363E-4 0.0 0.0 0.0 0.4431310033476353 
0.0 0.0 0.0 0.0 0.0 0.0 0.0 0.0 1.4178192775789772E-5 0.0 0.8829914845759882 0.881317883976602 0.0 0.0 -1.5285927412082452E-4 0.0 0.0 0.0 0.05995915159455972 
0.0 0.0 0.0 0.0 0.0 0.0 0.0 0.0 0.0 0.0 0.0 0.0 0.0 0.0 0.0 0.0 0.0 0.0 0.0 
0.0 0.0 0.0 0.0 0.0 0.0 0.0 0.0 -0.4907034829471922 0.0 -8.461514250290526E-4 -9.79183705964363E-4 -1.5285927412082452E-4 0.0 0.0 0.0 0.0 0.0 -0.004598800775382191 
0.0 0.0 0.0 0.0 0.0 0.0 0.0 0.0 0.0 0.0 0.0 0.0 0.0 0.0 0.0 0.0 0.0 0.0 0.0 
0.0 0.0 0.0 0.0 0.0 0.0 0.0 0.0 0.0 0.0 0.0 0.0 0.0 0.0 0.0 0.0 0.0 0.0 0.0 
0.0 0.0 0.0 0.0 0.0 0.0 0.0 0.0 0.0 0.0 0.0 0.0 0.0 0.0 0.0 0.0 0.0 0.0 0.0 
0.0 0.0 0.0 0.0 0.0 0.0 0.0 0.0 7.473332659636765E-4 0.0 0.4230968690220969 0.4431310033476353 0.05995915159455972 0.0 -0.004598800775382191 0.0 0.0 0.0 0.0